ensgene	control_1	control_2	control_3	Hoxa1KN_1	Hoxa1KN_2	Hoxa1KN_3
ENSG00000198888	17528	23007	30241	24418	29152	34416
ENSG00000198763	21264	26720	35550	28878	32416	38422
ENSG00000198804	130975	151207	195514	178130	196727	244670
ENSG00000198712	49769	61906	78608	66478	69758	86808
ENSG00000228253	9304	11160	12830	12608	13041	16063
ENSG00000198899	45401	51260	66851	63433	66123	79215
ENSG00000198938	48934	60098	73735	68369	75057	91468
ENSG00000198840	4228	5158	6058	5932	6446	7760
ENSG00000212907	10184	10959	14985	13072	14015	16715
ENSG00000198886	77648	84582	113525	105426	110399	136075
ENSG00000198786	37023	39916	52220	52774	55824	67638
ENSG00000198695	12937	13874	17218	19678	20493	24490
ENSG00000198727	23850	27482	36742	37470	40237	49983
ENSG00000150510	4	11	7	8	7	8
